name,c19_price,c19_mkt_cap,c19_twitter_followers,c19_reddit_post_48h,c19_reddit_avg_comments,c19_reddit_subs,c19_reddit_accounts_active,c19_forks,c19_stars,c19_pull_merged,c19_pull_contributors
Cardano,0.023715965392713114,733569243.541392,155706.0,2.0,21.0,77107.0,816.916666666667,583.0,3384.0,1703.0,80.0
Ethereum,110.5978978308351,11956631650.303354,452873.0,3.455,43.091,454613.0,1439.5,9286.0,25527.0,2869.0,419.0
Polkadot,0.0,0.0,0.0,0.0,0.0,0.0,0,0.0,0.0,0.0,0.0
Kusama,1.4201580123892796,9209000.375648724,4746.0,0.0,0.0,,,,,,
Gnosis,9.348050813764349,10225844.121854555,71361.0,0.091,0.091,2153.0,42.8333333333333,19.0,62.0,111.0,9.0
Status,0.00808531218668294,29422835.28421697,110605.0,0.0,0.0,5609.0,41.1666666666667,735.0,2870.0,3528.0,173.0
Cosmos Hub,1.6092393792935413,295709804.27253854,31661.0,0.364,0.818,8256.0,95.5,168.0,846.0,39.0,21.0
Solana,0.0,0.0,0.0,0.0,0.0,0.0,0,0.0,0.0,0.0,0.0
Celo,0.0,0.0,0.0,0.0,0.0,0.0,0,0.0,0.0,0.0,0.0
ARK,0.09118947339286429,13132531.332879864,62703.0,0.545,4.545,21959.0,396.916666666667,172.0,256.0,2491.0,44.0
Decentraland,0.01823543746517608,23668519.48268444,48079.0,0.273,1.182,6786.0,232.166666666667,,,,
Chainlink,1.9744280382744082,693758319.3547386,46045.0,0.364,2.727,13617.0,480.0,206.0,801.0,2011.0,46.0
IOTA,0.11140009590221976,307933254.0435217,123431.0,1.455,20.455,114525.0,480.083333333333,,,,
Stacks,0.0652512732380333,37155536.92708568,35839.0,0.0,0.0,,,,,,
Maker,203.3193186247471,177230074.8969962,39866.0,4.455,63.909,11301.0,539.416666666667,52.0,151.0,157.0,20.0
Synthetix Network,0.38791378069429405,35049555.73929368,16753.0,0.091,0.455,993.0,39.75,49.0,123.0,362.0,16.0
EOS,1.8855854011074007,1770244462.1538403,1478.0,2.364,8.0,70363.0,625.166666666667,,,,
Bitcoin,5142.990459018316,93092131086.97026,68911.0,8.364,878.0,1316681.0,7963.41666666667,25323.0,42531.0,7254.0,641.0
SKALE,0.0,0.0,0.0,0.0,0.0,0.0,0,0.0,0.0,0.0,0.0
Lisk,0.6646173293904564,92419436.87091497,178395.0,0.182,0.091,31325.0,308.166666666667,452.0,2685.0,1964.0,56.0
XRP,0.13782959908786777,6028784807.164941,946657.0,0.455,67.273,210694.0,962.166666666667,1080.0,3395.0,353.0,28.0
Litecoin,30.28081713037428,1932962671.5070968,447886.0,1.0,12.818,212206.0,997.666666666667,2253.0,3434.0,101.0,42.0
Bitcoin Cash,149.73696903556694,2783677917.095203,2634.0,7.364,167.091,287111.0,2184.75,,,,
Stellar,0.03251516675019948,656003587.3686297,281606.0,0.727,20.455,106781.0,670.25,772.0,2387.0,655.0,60.0
Bitcoin SV,104.32138275202476,1845082037.203331,,0.0,0.0,,,191.0,373.0,0.0,0.0
Monero,32.51244849562076,563911553.2941852,320722.0,1.182,27.091,166718.0,702.583333333333,2213.0,4273.0,3616.0,251.0
TRON,0.00853406936172757,571153079.7804911,501190.0,0.818,8.818,72195.0,454.25,686.0,2346.0,2000.0,129.0
NEM,0.031195117553625192,258413599.47400188,212333.0,0.091,0.091,18031.0,353.833333333333,34.0,66.0,216.0,18.0
Tezos,1.348087012198147,969397700.6505326,57062.0,1.091,14.818,22394.0,542.833333333333,,,,
Filecoin,0.0,0.0,0.0,0.0,0.0,0.0,0,0.0,0.0,0.0,0.0
LEO Token,0.9358495885779275,891407703.7476616,517565.0,0.091,0.364,7686.0,24.75,,,,
Cronos,0.02951905461524028,410066042.99283934,108696.0,1.909,25.818,5756.0,158.166666666667,,,,
NEO,5.7064819534298135,395731083.42132056,322757.0,0.364,4.909,98964.0,370.25,898.0,2962.0,524.0,50.0
Hedera,0.02666230042942818,85917455.748436,37873.0,0.182,1.091,6355.0,40.5833333333333,,,,
Aptos,0.0,0.0,0.0,0.0,0.0,0.0,0,0.0,0.0,0.0,0.0
Vega Protocol,0.0,0.0,0.0,0.0,0.0,0.0,0,0.0,0.0,0.0,0.0
Internet Computer,0.0,0.0,0.0,0.0,0.0,0.0,0,0.0,0.0,0.0,0.0
Avalanche,0.0,0.0,0.0,0.0,0.0,0.0,0,0.0,0.0,0.0,0.0
Sui,0.0,0.0,0.0,0.0,0.0,0.0,0,0.0,0.0,0.0,0.0
Optimism,0.0,0.0,0.0,0.0,0.0,0.0,0,0.0,0.0,0.0,0.0
NEAR Protocol,0.0,0.0,0.0,0.0,0.0,0.0,0,0.0,0.0,0.0,0.0
Audius,0.0,0.0,0.0,0.0,0.0,0.0,0,0.0,0.0,0.0,0.0
