name,dev_price,dev_mkt_cap,dev_twitter_followers,dev_reddit_post_48h,dev_reddit_avg_comments_48h,dev_reddit_subs,dev_reddit_accounts_active_48h,dev_forks,dev_stars,dev_pull_merged,dev_pull_contributors
Cardano,0.14824925464106553,4620145846.073955,167733.0,3.636,40.818,91917.0,782.666666666667,578.0,3425.0,1706.0,80.0
Ethereum,573.8953091099941,65276424697.152855,521978.0,2.909,63.909,501708.0,1249.0,10084.0,27382.0,3365.0,485.0
Polkadot,4.863467872055046,4580216020.823783,79273.0,0.455,3.545,6320.0,36.5833333333333,,,,
Kusama,49.07490842363432,440536760.5576394,16207.0,0.0,0.0,,,,,,
Gnosis,61.448444680818504,67880590.05181697,72017.0,0.0,0.0,2217.0,22.9166666666667,19.0,61.0,111.0,9.0
Status,0.03437227351390347,133500191.1770372,113893.0,0.0,0.0,5685.0,1342.16666666667,771.0,3014.0,4164.0,186.0
Cosmos Hub,4.799490829076566,1144910979.0156052,45748.0,0.417,1.0,9810.0,33.5384615384615,184.0,896.0,39.0,21.0
Solana,1.664937350328642,77258533.71758029,102350.0,1.0,5.455,2692.0,26.4166666666667,250.0,1070.0,10074.0,80.0
Celo,1.674515573061666,0.0,10202.0,0.0,0.0,,,56.0,174.0,591.0,46.0
ARK,0.38671235615089394,59283203.81675171,62874.0,0.182,3.364,21644.0,94.3333333333333,275.0,279.0,2924.0,46.0
Decentraland,0.0840186000899263,111292790.72423406,54719.0,0.091,0.273,7599.0,1817.33333333333,,,,
Chainlink,12.658832853842961,5015117487.489084,104845.0,1.273,2.545,25226.0,407.75,374.0,1382.0,2999.0,57.0
IOTA,0.30935986982122954,861100715.9303194,127307.0,1.545,11.273,116873.0,246.5,,,,
Stacks,0.2767890724598899,253878105.82678926,45179.0,0.0,0.0,,,,,,
Maker,508.2044533432843,460311540.28520733,75053.0,0.455,2.727,18015.0,381.25,,,,
Synthetix Network,4.870601881104525,666527320.4412768,45505.0,0.0,0.0,2582.0,26.6923076923077,149.0,289.0,730.0,21.0
EOS,2.811378753504703,2668467173.1470504,191482.0,0.636,6.364,73488.0,496.0,,,,
Bitcoin,18564.986455688137,344693077429.9694,73564.0,6.917,579.75,1807366.0,5998.76923076923,26777.0,46445.0,8118.0,703.0
SKALE,0.13773318797411366,77368926.98435627,7874.0,0.0,0.0,70.0,3.25,,,,
Lisk,1.2398710556009773,176393419.43195012,177226.0,0.364,1.636,31056.0,80.0,453.0,2706.0,2467.0,59.0
XRP,0.5835430243217834,26432126584.83739,994467.0,1.909,68.545,223419.0,922.833333333333,1142.0,3571.0,378.0,28.0
Litecoin,77.48133839685526,5117845664.772974,135495.0,0.636,5.727,217031.0,525.25,2310.0,3522.0,101.0,42.0
Bitcoin Cash,268.93091591402924,5001171346.045135,,7.182,158.636,343563.0,830.75,,,,
Stellar,0.1722489152173315,3728641364.8397546,295722.0,1.0,31.091,113788.0,2118.66666666667,828.0,2501.0,863.0,64.0
Bitcoin SV,170.4649827863272,3166453677.801601,,0.0,0.0,,,219.0,423.0,0.0,0.0
Monero,132.96843872291655,2363723501.7201285,327718.0,2.091,54.182,185286.0,740.25,2346.0,4676.0,4012.0,267.0
TRON,0.028754977886874134,2061410563.2064333,548658.0,1.273,8.273,76382.0,238.0,815.0,2476.0,2251.0,161.0
NEM,0.2175875625360201,1973770565.0572069,213529.0,0.455,0.818,17838.0,363.916666666667,43.0,78.0,329.0,22.0
Tezos,2.1811031879472624,1643899379.5186088,76331.0,1.273,14.909,30773.0,207.25,,,,
Filecoin,30.496371093809255,1360379788.5401053,41198.0,0.0,0.0,,,,,,
LEO Token,1.3563229068339437,1318807079.8261752,540309.0,0.182,0.273,7918.0,23.5833333333333,,,,
Cronos,0.060440426391825945,1335106651.9539351,271869.0,3.917,50.75,20282.0,245.923076923077,,,,
NEO,16.902719266069322,1192293131.6574368,325067.0,0.273,2.818,101071.0,235.416666666667,916.0,3046.0,828.0,53.0
Hedera,0.03658637490570047,234327123.05121875,42923.0,0.091,0.182,6783.0,18.3333333333333,,,,
Aptos,0.0,0.0,0.0,0.0,0.0,0.0,0,0.0,0.0,0.0,0.0
Vega Protocol,0.0,0.0,0.0,0.0,0.0,0.0,0,0.0,0.0,0.0,0.0
Internet Computer,0.0,0.0,0.0,0.0,0.0,0.0,0,0.0,0.0,0.0,0.0
Avalanche,3.2748796137271183,252385545.07816792,20927.0,0.167,0.417,1192.0,15.4615384615385,,,,
Sui,0.0,0.0,0.0,0.0,0.0,0.0,0,0.0,0.0,0.0,0.0
Optimism,0.0,0.0,0.0,0.0,0.0,0.0,0,0.0,0.0,0.0,0.0
NEAR Protocol,0.999219587602759,216083369.64059186,33434.0,0.0,0.0,,,,,,
Audius,0.18545364495160913,13420009.20000882,,0.364,9.182,2221.0,18.0,,,,
